7.224184921370469968e-04
3.123210959269523152e-03
4.710113023789319620e-03
4.885512261932813821e-03
3.384841448739164729e-03
4.047998999438108905e-04
-3.376602694225340224e-03
-6.909361211427251723e-03
-9.000549517154947388e-03
-8.621361595262350824e-03
-5.224572995646837789e-03
1.007363467895630495e-03
9.057593098435585272e-03
1.716308876179535592e-02
2.310611251469396263e-02
2.467263400165568138e-02
2.019767916454093953e-02
9.086969770605839852e-03
-7.804996764941332307e-03
-2.804394150993038543e-02
-4.779472390640833457e-02
-6.231475286182656947e-02
-6.670161763386810161e-02
-5.677657312616363888e-02
-2.994691180016507276e-02
1.411944422731072415e-02
7.315071836712108699e-02
1.423499192719388795e-01
2.149118642729092310e-01
2.829140639254763001e-01
3.384446488254748142e-01
3.747815441577377893e-01
3.874217377318965871e-01
3.747815441577377893e-01
3.384446488254748142e-01
2.829140639254763001e-01
2.149118642729092310e-01
1.423499192719388795e-01
7.315071836712108699e-02
1.411944422731072415e-02
-2.994691180016507276e-02
-5.677657312616363888e-02
-6.670161763386810161e-02
-6.231475286182656947e-02
-4.779472390640833457e-02
-2.804394150993038543e-02
-7.804996764941332307e-03
9.086969770605839852e-03
2.019767916454093953e-02
2.467263400165568138e-02
2.310611251469396263e-02
1.716308876179535592e-02
9.057593098435585272e-03
1.007363467895630495e-03
-5.224572995646837789e-03
-8.621361595262350824e-03
-9.000549517154947388e-03
-6.909361211427251723e-03
-3.376602694225340224e-03
4.047998999438108905e-04
3.384841448739164729e-03
4.885512261932813821e-03
4.710113023789319620e-03
3.123210959269523152e-03
7.224184921370469968e-04
